{
    "a": {
        "data": [
            1.718073,
            0.8755585,
            0.6300468,
            0.9088991,
            0.7187728,
            1.189256,
            0.9136328,
            0.3195951,
            1.841601,
            0.4622228
        ],
        "type": "Float64"
    },
    "c": {
        "data": [
            0.8751582,
            0.3178993,
            0.2732342,
            0.6765023,
            0.0711708,
            0.1965909,
            0.5290786,
            0.1717561,
            0.8699627,
            0.2436873
        ],
        "type": "Float64"
    },
    "B": {
        "data": [
            [
                72.87342,
                93.26237,
                -70.12554,
                11.94684,
                -38.76441,
                77.97155,
                26.6588,
                -76.32035,
                42.88767,
                -155.8501
            ],
            [
                93.26237,
                128.9684,
                -93.90513,
                16.02225,
                -53.26015,
                105.2109,
                37.2459,
                -102.8072,
                56.36132,
                -210.7543
            ],
            [
                -70.12554,
                -93.90513,
                71.43512,
                -11.61176,
                38.84946,
                -77.75432,
                -26.86792,
                75.75525,
                -42.5675,
                155.6497
            ],
            [
                11.94684,
                16.02225,
                -11.61176,
                4.068628,
                -7.395287,
                13.57457,
                5.014652,
                -13.81577,
                6.882702,
                -27.40686
            ],
            [
                -38.76441,
                -53.26015,
                38.84946,
                -7.395287,
                24.60874,
                -44.37952,
                -15.84893,
                44.2974,
                -22.5439,
                88.77448
            ],
            [
                77.97155,
                105.2109,
                -77.75432,
                13.57457,
                -44.37952,
                89.0461,
                30.6326,
                -85.81359,
                46.70216,
                -174.9184
            ],
            [
                26.6588,
                37.2459,
                -26.86792,
                5.014652,
                -15.84893,
                30.6326,
                12.61587,
                -30.38415,
                15.71293,
                -61.45047
            ],
            [
                -76.32035,
                -102.8072,
                75.75525,
                -13.81577,
                44.2974,
                -85.81359,
                -30.38415,
                86.44837,
                -45.21464,
                171.6543
            ],
            [
                42.88767,
                56.36132,
                -42.5675,
                6.882702,
                -22.5439,
                46.70216,
                15.71293,
                -45.21464,
                27.8146,
                -93.2465
            ],
            [
                -155.8501,
                -210.7543,
                155.6497,
                -27.40686,
                88.77448,
                -174.9184,
                -61.45047,
                171.6543,
                -93.2465,
                351.4397
            ]
        ],
        "type": "Float64"
    }
}